F = [ ...
0.051392 0.052157 0.052955 0.053790 0.054665 0.055585 ; ...
0.052157 0.052934 0.053743 0.054590 0.055479 0.056413 ; ...
0.052955 0.053743 0.054565 0.055425 0.056327 0.057275 ; ...
0.053790 0.054590 0.055425 0.056299 0.057215 0.058178 ; ...
0.054665 0.055479 0.056327 0.057215 0.058147 0.059125 ; ...
0.055585 0.056413 0.057275 0.058178 0.059125 0.060120 ; ...
];

[X Y] = meshgrid(-35.000000:1.000000:-30.000000);

