B_num = 3

B_weights = [ 0.411043 0.411043 0.177914 ]

B(1).V = [ -0.205134 0.977743 0.033471 ; 0.050127 -0.004970 -0.348069 ; 0.005996 -0.040986 0.936676 ; 0.977431 0.205705 0.019129 ; ];

B(1).Z = [ -196.000000 -156.250000 -0.250000 ];

B(1).F = 0.099997;

B(2).V = [ -0.050127 0.004970 0.348069 ; -0.205129 0.977744 0.033471 ; 0.977432 0.205701 0.019129 ; -0.005996 0.040986 -0.936676 ; ];

B(2).Z = [ -196.000000 -156.250000 -0.250000 ];

B(2).F = 0.099997;

B(3).V = [ 0.552503 0.592703 -0.433396 ; 0.443172 -0.518288 -0.565763 ; -0.182129 -0.544672 -0.275365 ; 0.682032 -0.288814 0.645177 ; ];

B(3).Z = [ -380.250000 -7.840000 -0.490000 ];

B(3).F = 0.291322;

