B_num = 4

B_weights = [ 0.434442 0.426614 0.068493 0.070450 ]

B(1).V = [ -0.538104 -0.458617 0.630505 ; -0.458617 0.538104 -0.320277 ; -0.533959 -0.463683 -0.633298 ; 0.463684 -0.533959 -0.314356 ; ];

B(1).Z = [ -400.000000 -400.000000 -0.010000 ];

B(1).F = 0.049103;

B(2).V = [ 0.706937 0.039961 0.362010 ; -0.039961 0.706938 0.606293 ; -0.704494 -0.048275 0.370233 ; -0.048275 0.704494 -0.603561 ; ];

B(2).Z = [ -400.000000 -400.000000 -0.010000 ];

B(2).F = 0.049103;

B(3).V = [ 0.275644 0.961254 -0.001238 ; -0.005361 -0.000438 0.559142 ; -0.002101 -0.002282 -0.829070 ; -0.961242 0.275655 -0.001661 ; ];

B(3).Z = [ -400.000000 -380.250000 -1.440000 ];

B(3).F = 0.027968;

B(4).V = [ -0.024102 0.018539 -0.748504 ; -0.995642 0.089135 0.025606 ; -0.089776 -0.995545 -0.027959 ; 0.007468 -0.024531 0.662046 ; ];

B(4).Z = [ -400.000000 -156.250000 -1.000000 ];

B(4).F = 0.051013;

