[X Y] = meshgrid(-10.000000:1.000000:-1.000000);

F = [];

F(:,:,1) = [ ...
0.108964 0.115385 0.123121 0.132696 0.144958 0.161360 0.184513 0.219360 0.275699 0.373759 ; ...
0.115385 0.122191 0.130392 0.140542 0.153540 0.170917 0.195428 0.232266 0.291701 0.394880 ; ...
0.123121 0.130392 0.139154 0.149997 0.163879 0.182428 0.208561 0.247765 0.310855 0.420023 ; ...
0.132696 0.140542 0.149997 0.161697 0.176669 0.196655 0.224768 0.266842 0.334323 0.450616 ; ...
0.144958 0.153540 0.163879 0.176669 0.193022 0.214822 0.245417 0.291053 0.363931 0.488871 ; ...
0.161360 0.170917 0.182428 0.196655 0.214822 0.238987 0.272789 0.322981 0.402667 0.538355 ; ...
0.184513 0.195428 0.208561 0.224768 0.245417 0.272789 0.310895 0.367115 0.455664 0.605096 ; ...
0.219360 0.232266 0.247765 0.266842 0.291053 0.322981 0.367115 0.431638 0.532167 0.699776 ; ...
0.275699 0.291701 0.310855 0.334323 0.363931 0.402667 0.455664 0.532167 0.649594 0.842215 ; ...
0.373759 0.394880 0.420023 0.450616 0.488871 0.538355 0.605096 0.699776 0.842215 1.070834 ; ...
];

F(:,:,2) = [ ...
0.115385 0.122191 0.130392 0.140542 0.153540 0.170917 0.195428 0.232266 0.291701 0.394880 ; ...
0.122191 0.129405 0.138099 0.148859 0.162636 0.181048 0.206994 0.245934 0.308633 0.417191 ; ...
0.130392 0.138099 0.147388 0.158883 0.173597 0.193248 0.220910 0.262348 0.328896 0.443748 ; ...
0.140542 0.148859 0.158883 0.171286 0.187154 0.208326 0.238081 0.282547 0.353720 0.476058 ; ...
0.153540 0.162636 0.173597 0.187154 0.204483 0.227574 0.259950 0.308174 0.385028 0.516446 ; ...
0.170917 0.181048 0.193248 0.208326 0.227574 0.253164 0.288926 0.341951 0.425966 0.568665 ; ...
0.195428 0.206994 0.220910 0.238081 0.259950 0.288926 0.329226 0.388597 0.481930 0.639045 ; ...
0.232266 0.245934 0.262348 0.282547 0.308174 0.341951 0.388597 0.456702 0.562612 0.738779 ; ...
0.291701 0.308633 0.328896 0.353720 0.385028 0.425966 0.481930 0.562612 0.686243 0.888595 ; ...
0.394880 0.417191 0.443748 0.476058 0.516446 0.568665 0.639045 0.738779 0.888595 1.128585 ; ...
];

F(:,:,3) = [ ...
0.123121 0.130392 0.139154 0.149997 0.163879 0.182428 0.208561 0.247765 0.310855 0.420023 ; ...
0.130392 0.138099 0.147388 0.158883 0.173597 0.193248 0.220910 0.262348 0.328896 0.443748 ; ...
0.139154 0.147388 0.157311 0.169592 0.185306 0.206279 0.235766 0.279858 0.350484 0.471984 ; ...
0.149997 0.158883 0.169592 0.182840 0.199785 0.222379 0.254093 0.301400 0.376924 0.506328 ; ...
0.163879 0.173597 0.185306 0.199785 0.218288 0.242924 0.277425 0.328719 0.410255 0.549244 ; ...
0.182428 0.193248 0.206279 0.222379 0.242924 0.270218 0.308315 0.364698 0.453809 0.604696 ; ...
0.208561 0.220910 0.235766 0.254093 0.277425 0.308315 0.351225 0.414327 0.513283 0.679363 ; ...
0.247765 0.262348 0.279858 0.301400 0.328719 0.364698 0.414327 0.486662 0.598890 0.785030 ; ...
0.310855 0.328896 0.350484 0.376924 0.410255 0.453809 0.513283 0.598890 0.729788 0.943463 ; ...
0.420023 0.443748 0.471984 0.506328 0.549244 0.604696 0.679363 0.785030 0.943463 1.196652 ; ...
];

F(:,:,4) = [ ...
0.132696 0.140542 0.149997 0.161697 0.176669 0.196655 0.224768 0.266842 0.334323 0.450616 ; ...
0.140542 0.148859 0.158883 0.171286 0.187154 0.208326 0.238081 0.282547 0.353720 0.476058 ; ...
0.149997 0.158883 0.169592 0.182840 0.199785 0.222379 0.254093 0.301400 0.376924 0.506328 ; ...
0.161697 0.171286 0.182840 0.197133 0.215401 0.239737 0.273840 0.324584 0.405332 0.543134 ; ...
0.176669 0.187154 0.199785 0.215401 0.235346 0.261873 0.298962 0.353968 0.441122 0.589100 ; ...
0.196655 0.208326 0.222379 0.239737 0.261873 0.291250 0.332186 0.392625 0.487842 0.648446 ; ...
0.224768 0.238081 0.254093 0.273840 0.298962 0.332186 0.378264 0.445866 0.551550 0.728259 ; ...
0.266842 0.282547 0.301400 0.324584 0.353968 0.392625 0.445866 0.523291 0.643065 0.841011 ; ...
0.334323 0.353720 0.376924 0.405332 0.441122 0.487842 0.551550 0.643065 0.782619 1.009671 ; ...
0.450616 0.476058 0.506328 0.543134 0.589100 0.648446 0.728259 0.841011 1.009671 1.278413 ; ...
];

F(:,:,5) = [ ...
0.144958 0.153540 0.163879 0.176669 0.193022 0.214822 0.245417 0.291053 0.363931 0.488871 ; ...
0.153540 0.162636 0.173597 0.187154 0.204483 0.227574 0.259950 0.308174 0.385028 0.516446 ; ...
0.163879 0.173597 0.185306 0.199785 0.218288 0.242924 0.277425 0.328719 0.410255 0.549244 ; ...
0.176669 0.187154 0.199785 0.215401 0.235346 0.261873 0.298962 0.353968 0.441122 0.589100 ; ...
0.193022 0.204483 0.218288 0.235346 0.257110 0.286015 0.326334 0.385936 0.479973 0.638839 ; ...
0.214822 0.227574 0.242924 0.261873 0.286015 0.318005 0.362480 0.427933 0.530622 0.702981 ; ...
0.245417 0.259950 0.277425 0.298962 0.326334 0.362480 0.412496 0.485649 0.599553 0.789104 ; ...
0.291053 0.308174 0.328719 0.353968 0.385936 0.427933 0.485649 0.569336 0.698307 0.910492 ; ...
0.363931 0.385028 0.410255 0.441122 0.479973 0.530622 0.599553 0.698307 0.848378 1.091526 ; ...
0.488871 0.516446 0.549244 0.589100 0.638839 0.702981 0.789104 0.910492 1.091526 1.378918 ; ...
];

F(:,:,6) = [ ...
0.161360 0.170917 0.182428 0.196655 0.214822 0.238987 0.272789 0.322981 0.402667 0.538355 ; ...
0.170917 0.181048 0.193248 0.208326 0.227574 0.253164 0.288926 0.341951 0.425966 0.568665 ; ...
0.182428 0.193248 0.206279 0.222379 0.242924 0.270218 0.308315 0.364698 0.453809 0.604696 ; ...
0.196655 0.208326 0.222379 0.239737 0.261873 0.291250 0.332186 0.392625 0.487842 0.648446 ; ...
0.214822 0.227574 0.242924 0.261873 0.286015 0.318005 0.362480 0.427933 0.530622 0.702981 ; ...
0.238987 0.253164 0.270218 0.291250 0.318005 0.353376 0.402394 0.474218 0.586286 0.773196 ; ...
0.272789 0.288926 0.308315 0.332186 0.362480 0.402394 0.457451 0.537638 0.661837 0.867258 ; ...
0.322981 0.341951 0.364698 0.392625 0.427933 0.474218 0.537638 0.629233 0.769690 0.999434 ; ...
0.402667 0.425966 0.453809 0.487842 0.530622 0.586286 0.661837 0.769690 0.932849 1.195786 ; ...
0.538355 0.568665 0.604696 0.648446 0.702981 0.773196 0.867258 0.999434 1.195786 1.506020 ; ...
];

F(:,:,7) = [ ...
0.184513 0.195428 0.208561 0.224768 0.245417 0.272789 0.310895 0.367115 0.455664 0.605096 ; ...
0.195428 0.206994 0.220910 0.238081 0.259950 0.288926 0.329226 0.388597 0.481930 0.639045 ; ...
0.208561 0.220910 0.235766 0.254093 0.277425 0.308315 0.351225 0.414327 0.513283 0.679363 ; ...
0.224768 0.238081 0.254093 0.273840 0.298962 0.332186 0.378264 0.445866 0.551550 0.728259 ; ...
0.245417 0.259950 0.277425 0.298962 0.326334 0.362480 0.412496 0.485649 0.599553 0.789104 ; ...
0.272789 0.288926 0.308315 0.332186 0.362480 0.402394 0.457451 0.537638 0.661837 0.867258 ; ...
0.310895 0.329226 0.351225 0.378264 0.412496 0.457451 0.519186 0.608578 0.746059 0.971627 ; ...
0.367115 0.388597 0.414327 0.445866 0.485649 0.537638 0.608578 0.710477 0.865702 1.117678 ; ...
0.455664 0.481930 0.513283 0.551550 0.599553 0.661837 0.746059 0.865702 1.045609 1.333514 ; ...
0.605096 0.639045 0.679363 0.728259 0.789104 0.867258 0.971627 1.117678 1.333514 1.672432 ; ...
];

F(:,:,8) = [ ...
0.219360 0.232266 0.247765 0.266842 0.291053 0.322981 0.367115 0.431638 0.532167 0.699776 ; ...
0.232266 0.245934 0.262348 0.282547 0.308174 0.341951 0.388597 0.456702 0.562612 0.738779 ; ...
0.247765 0.262348 0.279858 0.301400 0.328719 0.364698 0.414327 0.486662 0.598890 0.785030 ; ...
0.266842 0.282547 0.301400 0.324584 0.353968 0.392625 0.445866 0.523291 0.643065 0.841011 ; ...
0.291053 0.308174 0.328719 0.353968 0.385936 0.427933 0.485649 0.569336 0.698307 0.910492 ; ...
0.322981 0.341951 0.364698 0.392625 0.427933 0.474218 0.537638 0.629233 0.769690 0.999434 ; ...
0.367115 0.388597 0.414327 0.445866 0.485649 0.537638 0.608578 0.710477 0.865702 1.117678 ; ...
0.431638 0.456702 0.486662 0.523291 0.569336 0.629233 0.710477 0.826308 1.001179 1.282202 ; ...
0.532167 0.562612 0.598890 0.643065 0.698307 0.769690 0.865702 1.001179 1.203245 1.523633 ; ...
0.699776 0.738779 0.785030 0.841011 0.910492 0.999434 1.117678 1.282202 1.523633 1.899658 ; ...
];

