pmf.points = [ 0.990011 0.081400 0.081400 0.081400 ; 0.862654 0.482591 0.107084 0.107084 ; 0.862654 0.107084 0.482591 0.107084 ; 0.862654 0.107084 0.107084 0.482591 ; 0.081400 0.990011 0.081400 0.081400 ; 0.482591 0.862654 0.107084 0.107084 ; 0.107084 0.862654 0.482591 0.107084 ; 0.107084 0.862654 0.107084 0.482591 ; 0.081400 0.081400 0.990011 0.081400 ; 0.482591 0.107084 0.862654 0.107084 ; 0.107084 0.482591 0.862654 0.107084 ; 0.107084 0.107084 0.862654 0.482591 ; 0.081400 0.081400 0.081400 0.990011 ; 0.482591 0.107084 0.107084 0.862654 ; 0.107084 0.482591 0.107084 0.862654 ; 0.107084 0.107084 0.482591 0.862654 ; 0.990011 0.081400 0.081400 -0.081400 ; 0.862654 0.482591 0.107084 -0.107084 ; 0.862654 0.107084 0.482591 -0.107084 ; 0.862654 0.107084 0.107084 -0.482591 ; 0.081400 0.990011 0.081400 -0.081400 ; 0.482591 0.862654 0.107084 -0.107084 ; 0.107084 0.862654 0.482591 -0.107084 ; 0.107084 0.862654 0.107084 -0.482591 ; 0.081400 0.081400 0.990011 -0.081400 ; 0.482591 0.107084 0.862654 -0.107084 ; 0.107084 0.482591 0.862654 -0.107084 ; 0.107084 0.107084 0.862654 -0.482591 ; 0.081400 0.081400 0.081400 -0.990011 ; 0.482591 0.107084 0.107084 -0.862654 ; 0.107084 0.482591 0.107084 -0.862654 ; 0.107084 0.107084 0.482591 -0.862654 ; 0.990011 0.081400 -0.081400 0.081400 ; 0.862654 0.482591 -0.107084 0.107084 ; 0.862654 0.107084 -0.482591 0.107084 ; 0.862654 0.107084 -0.107084 0.482591 ; 0.081400 0.990011 -0.081400 0.081400 ; 0.482591 0.862654 -0.107084 0.107084 ; 0.107084 0.862654 -0.482591 0.107084 ; 0.107084 0.862654 -0.107084 0.482591 ; 0.081400 0.081400 -0.990011 0.081400 ; 0.482591 0.107084 -0.862654 0.107084 ; 0.107084 0.482591 -0.862654 0.107084 ; 0.107084 0.107084 -0.862654 0.482591 ; 0.081400 0.081400 -0.081400 0.990011 ; 0.482591 0.107084 -0.107084 0.862654 ; 0.107084 0.482591 -0.107084 0.862654 ; 0.107084 0.107084 -0.482591 0.862654 ; 0.990011 -0.081400 0.081400 0.081400 ; 0.862654 -0.482591 0.107084 0.107084 ; 0.862654 -0.107084 0.482591 0.107084 ; 0.862654 -0.107084 0.107084 0.482591 ; 0.081400 -0.990011 0.081400 0.081400 ; 0.482591 -0.862654 0.107084 0.107084 ; 0.107084 -0.862654 0.482591 0.107084 ; 0.107084 -0.862654 0.107084 0.482591 ; 0.081400 -0.081400 0.990011 0.081400 ; 0.482591 -0.107084 0.862654 0.107084 ; 0.107084 -0.482591 0.862654 0.107084 ; 0.107084 -0.107084 0.862654 0.482591 ; 0.081400 -0.081400 0.081400 0.990011 ; 0.482591 -0.107084 0.107084 0.862654 ; 0.107084 -0.482591 0.107084 0.862654 ; 0.107084 -0.107084 0.482591 0.862654 ; 0.990011 0.081400 -0.081400 -0.081400 ; 0.862654 0.482591 -0.107084 -0.107084 ; 0.862654 0.107084 -0.482591 -0.107084 ; 0.862654 0.107084 -0.107084 -0.482591 ; 0.081400 0.990011 -0.081400 -0.081400 ; 0.482591 0.862654 -0.107084 -0.107084 ; 0.107084 0.862654 -0.482591 -0.107084 ; 0.107084 0.862654 -0.107084 -0.482591 ; 0.081400 0.081400 -0.990011 -0.081400 ; 0.482591 0.107084 -0.862654 -0.107084 ; 0.107084 0.482591 -0.862654 -0.107084 ; 0.107084 0.107084 -0.862654 -0.482591 ; 0.081400 0.081400 -0.081400 -0.990011 ; 0.482591 0.107084 -0.107084 -0.862654 ; 0.107084 0.482591 -0.107084 -0.862654 ; 0.107084 0.107084 -0.482591 -0.862654 ; 0.990011 -0.081400 0.081400 -0.081400 ; 0.862654 -0.482591 0.107084 -0.107084 ; 0.862654 -0.107084 0.482591 -0.107084 ; 0.862654 -0.107084 0.107084 -0.482591 ; 0.081400 -0.990011 0.081400 -0.081400 ; 0.482591 -0.862654 0.107084 -0.107084 ; 0.107084 -0.862654 0.482591 -0.107084 ; 0.107084 -0.862654 0.107084 -0.482591 ; 0.081400 -0.081400 0.990011 -0.081400 ; 0.482591 -0.107084 0.862654 -0.107084 ; 0.107084 -0.482591 0.862654 -0.107084 ; 0.107084 -0.107084 0.862654 -0.482591 ; 0.081400 -0.081400 0.081400 -0.990011 ; 0.482591 -0.107084 0.107084 -0.862654 ; 0.107084 -0.482591 0.107084 -0.862654 ; 0.107084 -0.107084 0.482591 -0.862654 ; 0.990011 -0.081400 -0.081400 0.081400 ; 0.862654 -0.482591 -0.107084 0.107084 ; 0.862654 -0.107084 -0.482591 0.107084 ; 0.862654 -0.107084 -0.107084 0.482591 ; 0.081400 -0.990011 -0.081400 0.081400 ; 0.482591 -0.862654 -0.107084 0.107084 ; 0.107084 -0.862654 -0.482591 0.107084 ; 0.107084 -0.862654 -0.107084 0.482591 ; 0.081400 -0.081400 -0.990011 0.081400 ; 0.482591 -0.107084 -0.862654 0.107084 ; 0.107084 -0.482591 -0.862654 0.107084 ; 0.107084 -0.107084 -0.862654 0.482591 ; 0.081400 -0.081400 -0.081400 0.990011 ; 0.482591 -0.107084 -0.107084 0.862654 ; 0.107084 -0.482591 -0.107084 0.862654 ; 0.107084 -0.107084 -0.482591 0.862654 ; 0.990011 -0.081400 -0.081400 -0.081400 ; 0.862654 -0.482591 -0.107084 -0.107084 ; 0.862654 -0.107084 -0.482591 -0.107084 ; 0.862654 -0.107084 -0.107084 -0.482591 ; 0.081400 -0.990011 -0.081400 -0.081400 ; 0.482591 -0.862654 -0.107084 -0.107084 ; 0.107084 -0.862654 -0.482591 -0.107084 ; 0.107084 -0.862654 -0.107084 -0.482591 ; 0.081400 -0.081400 -0.990011 -0.081400 ; 0.482591 -0.107084 -0.862654 -0.107084 ; 0.107084 -0.482591 -0.862654 -0.107084 ; 0.107084 -0.107084 -0.862654 -0.482591 ; 0.081400 -0.081400 -0.081400 -0.990011 ; 0.482591 -0.107084 -0.107084 -0.862654 ; 0.107084 -0.482591 -0.107084 -0.862654 ; 0.107084 -0.107084 -0.482591 -0.862654 ; -0.990011 0.081400 0.081400 0.081400 ; -0.862654 0.482591 0.107084 0.107084 ; -0.862654 0.107084 0.482591 0.107084 ; -0.862654 0.107084 0.107084 0.482591 ; -0.081400 0.990011 0.081400 0.081400 ; -0.482591 0.862654 0.107084 0.107084 ; -0.107084 0.862654 0.482591 0.107084 ; -0.107084 0.862654 0.107084 0.482591 ; -0.081400 0.081400 0.990011 0.081400 ; -0.482591 0.107084 0.862654 0.107084 ; -0.107084 0.482591 0.862654 0.107084 ; -0.107084 0.107084 0.862654 0.482591 ; -0.081400 0.081400 0.081400 0.990011 ; -0.482591 0.107084 0.107084 0.862654 ; -0.107084 0.482591 0.107084 0.862654 ; -0.107084 0.107084 0.482591 0.862654 ; -0.990011 0.081400 0.081400 -0.081400 ; -0.862654 0.482591 0.107084 -0.107084 ; -0.862654 0.107084 0.482591 -0.107084 ; -0.862654 0.107084 0.107084 -0.482591 ; -0.081400 0.990011 0.081400 -0.081400 ; -0.482591 0.862654 0.107084 -0.107084 ; -0.107084 0.862654 0.482591 -0.107084 ; -0.107084 0.862654 0.107084 -0.482591 ; -0.081400 0.081400 0.990011 -0.081400 ; -0.482591 0.107084 0.862654 -0.107084 ; -0.107084 0.482591 0.862654 -0.107084 ; -0.107084 0.107084 0.862654 -0.482591 ; -0.081400 0.081400 0.081400 -0.990011 ; -0.482591 0.107084 0.107084 -0.862654 ; -0.107084 0.482591 0.107084 -0.862654 ; -0.107084 0.107084 0.482591 -0.862654 ; -0.990011 0.081400 -0.081400 0.081400 ; -0.862654 0.482591 -0.107084 0.107084 ; -0.862654 0.107084 -0.482591 0.107084 ; -0.862654 0.107084 -0.107084 0.482591 ; -0.081400 0.990011 -0.081400 0.081400 ; -0.482591 0.862654 -0.107084 0.107084 ; -0.107084 0.862654 -0.482591 0.107084 ; -0.107084 0.862654 -0.107084 0.482591 ; -0.081400 0.081400 -0.990011 0.081400 ; -0.482591 0.107084 -0.862654 0.107084 ; -0.107084 0.482591 -0.862654 0.107084 ; -0.107084 0.107084 -0.862654 0.482591 ; -0.081400 0.081400 -0.081400 0.990011 ; -0.482591 0.107084 -0.107084 0.862654 ; -0.107084 0.482591 -0.107084 0.862654 ; -0.107084 0.107084 -0.482591 0.862654 ; -0.990011 -0.081400 0.081400 0.081400 ; -0.862654 -0.482591 0.107084 0.107084 ; -0.862654 -0.107084 0.482591 0.107084 ; -0.862654 -0.107084 0.107084 0.482591 ; -0.081400 -0.990011 0.081400 0.081400 ; -0.482591 -0.862654 0.107084 0.107084 ; -0.107084 -0.862654 0.482591 0.107084 ; -0.107084 -0.862654 0.107084 0.482591 ; -0.081400 -0.081400 0.990011 0.081400 ; -0.482591 -0.107084 0.862654 0.107084 ; -0.107084 -0.482591 0.862654 0.107084 ; -0.107084 -0.107084 0.862654 0.482591 ; -0.081400 -0.081400 0.081400 0.990011 ; -0.482591 -0.107084 0.107084 0.862654 ; -0.107084 -0.482591 0.107084 0.862654 ; -0.107084 -0.107084 0.482591 0.862654 ; -0.990011 0.081400 -0.081400 -0.081400 ; -0.862654 0.482591 -0.107084 -0.107084 ; -0.862654 0.107084 -0.482591 -0.107084 ; -0.862654 0.107084 -0.107084 -0.482591 ; -0.081400 0.990011 -0.081400 -0.081400 ; -0.482591 0.862654 -0.107084 -0.107084 ; -0.107084 0.862654 -0.482591 -0.107084 ; -0.107084 0.862654 -0.107084 -0.482591 ; -0.081400 0.081400 -0.990011 -0.081400 ; -0.482591 