B_num = 2

B_weights = [ 0.523364 0.476636 ]

B(1).V = [ 0.451118 0.541423 -0.172144 ; -0.541422 0.451118 0.688274 ; 0.463856 0.536835 0.183226 ; 0.536835 -0.463856 0.680495 ; ];

B(1).Z = [ -400.000000 -400.000000 -0.010000 ];

B(1).F = 0.049103;

B(2).V = [ -0.574180 0.414361 0.314024 ; -0.414375 -0.574188 -0.632454 ; 0.576433 -0.407857 0.308944 ; -0.407843 -0.576425 0.637138 ; ];

B(2).Z = [ -400.000000 -400.000000 -0.010000 ];

B(2).F = 0.049103;

