B_num = 2

B_weights = [ 0.469565 0.530435 ]

B(1).V = [ 0.038807 -0.022443 -0.191985 ; -0.778763 -0.626831 0.015257 ; 0.625377 -0.778791 -0.016825 ; 0.030428 -0.007999 0.981135 ; ];

B(1).Z = [ -400.000000 -210.250000 -0.360000 ];

B(1).F = 0.057347;

B(2).V = [ 0.753101 -0.656889 -0.003524 ; 0.055448 0.024620 -0.640626 ; 0.037862 0.003869 0.767719 ; -0.654470 -0.753575 -0.013916 ; ];

B(2).Z = [ -196.000000 -90.250000 -0.250000 ];

B(2).F = 0.131609;

