B_num = 2

B_weights = [ 0.501887 0.498113 ]

B(1).V = [ -0.773949 0.628246 -0.052640 ; 0.051492 0.062512 -0.751260 ; -0.061428 0.050363 0.655089 ; -0.628154 -0.773862 -0.060788 ; ];

B(1).Z = [ -400.000000 -380.250000 -0.810000 ];

B(1).F = 0.035185;

B(2).V = [ -0.048964 -0.063894 0.762978 ; -0.805924 0.586599 -0.052936 ; -0.586480 -0.805956 -0.061239 ; 0.064270 -0.047472 -0.641336 ; ];

B(2).Z = [ -400.000000 -380.250000 -0.810000 ];

B(2).F = 0.035185;

