B_num = 2

B_weights = [ 0.500000 0.500000 ]

B(1).V = [ -0.789111 0.608251 0.063929 ; -0.057684 -0.068630 -0.694957 ; 0.070786 -0.048300 0.713151 ; -0.607425 -0.789295 0.066052 ; ];

B(1).Z = [ -156.250000 -144.000000 -0.490000 ];

B(1).F = 0.104701;

B(2).V = [ 0.058099 -0.067951 -0.696056 ; -0.784314 -0.614399 -0.064006 ; -0.613689 0.784471 -0.065010 ; -0.069725 -0.050023 0.712168 ; ];

B(2).Z = [ -400.000000 -400.000000 -0.640000 ];

B(2).F = 0.036782;

