B_num = 2

B_weights = [ 0.663265 0.336735 ]

B(1).V = [ -0.648485 0.693016 -0.248485 ; 0.191347 0.173404 0.583752 ; -0.169260 0.272113 0.745422 ; -0.717080 -0.644681 0.204535 ; ];

B(1).Z = [ -25.000000 -11.560000 -1.690000 ];

B(1).F = 0.612705;

B(2).V = [ -0.428284 -0.193899 -0.574280 ; 0.503569 -0.777568 -0.328295 ; -0.680846 -0.555676 0.409446 ; -0.315341 0.221394 -0.628315 ; ];

B(2).Z = [ -306.250000 -25.000000 -3.240000 ];

B(2).F = 0.080191;

