B_num = 2

B_weights = [ 0.452991 0.547009 ]

B(1).V = [ -0.143798 0.043605 0.963455 ; -0.528179 -0.838696 -0.067216 ; 0.833554 -0.533072 0.142928 ; -0.074405 -0.102582 0.216351 ; ];

B(1).Z = [ -256.000000 -36.000000 -0.640000 ];

B(1).F = 0.153805;

B(2).V = [ -0.630572 0.762994 -0.076200 ; 0.135605 0.070440 -0.932486 ; 0.122753 -0.077677 -0.316978 ; 0.754269 0.637843 0.155528 ; ];

B(2).Z = [ -132.250000 -30.250000 -0.490000 ];

B(2).F = 0.249034;

