B_num = 4

B_weights = [ 0.430678 0.321534 0.171091 0.076696 ]

B(1).V = [ 0.194290 0.790387 -0.494981 ; 0.263249 -0.168182 -0.611818 ; -0.111120 -0.559996 -0.581859 ; 0.938405 -0.182776 0.205214 ; ];

B(1).Z = [ -56.250000 -4.840000 -0.490000 ];

B(1).F = 0.972257;

B(2).V = [ 0.315702 -0.078908 0.882117 ; 0.446551 0.828255 -0.193070 ; -0.816978 0.483240 0.303454 ; 0.182949 0.272482 0.304153 ; ];

B(2).Z = [ -49.000000 -25.000000 -1.210000 ];

B(2).F = 0.341293;

B(3).V = [ 0.884283 0.412275 0.062123 ; 0.177825 -0.249120 -0.951757 ; -0.044322 -0.388035 0.114210 ; 0.429485 -0.785746 0.277947 ; ];

B(3).Z = [ -49.000000 -16.000000 -2.250000 ];

B(3).F = 0.315025;

B(4).V = [ 0.489785 0.117123 0.863210 ; -0.814333 0.347131 0.405582 ; -0.309600 -0.782264 0.300300 ; -0.033490 0.503831 -0.013850 ; ];

B(4).Z = [ -342.250000 -30.250000 -2.560000 ];

B(4).F = 0.079258;

