B_num = 2

B_weights = [ 0.540000 0.460000 ]

B(1).V = [ -0.570374 0.417521 0.382109 ; -0.417521 -0.570374 -0.595266 ; 0.563592 -0.427451 0.391894 ; -0.427451 -0.563592 0.588277 ; ];

B(1).Z = [ -400.000000 -400.000000 -0.010000 ];

B(1).F = 0.049103;

B(2).V = [ -0.246799 0.666162 -0.618165 ; -0.666162 -0.246799 -0.336437 ; -0.262203 0.653121 0.632910 ; 0.653122 0.262203 -0.322655 ; ];

B(2).Z = [ -400.000000 -400.000000 -0.010000 ];

B(2).F = 0.049103;

